16,2048,6.39401
32,1024,0.434441333333
16,1024,1.53693233333
16,512,0.217886
2,1536,13.4056333333
32,2560,10.3748233333
4,2560,34.5711
8,512,0.213795333333
8,1024,1.15509
1,2048,63.984
64,512,0.0577048333333
1,1536,26.8646
64,1024,0.494478333333
2,512,0.499147666667
32,1536,1.78602333333
16,1536,3.0977
4,1536,6.77118333333
2,1024,4.04928666667
64,2048,3.25953333333
4,2048,16.8577
32,2048,4.21016
1,2560,130.741
2,2560,66.6379666667
64,2560,4.37407
16,2560,14.2810166667
32,512,0.111073666667
8,1536,3.60066333333
4,512,0.307038
4,1024,2.03266333333
2,2048,32.4628333333
8,2560,38.1312666667
1,1024,7.94086666667
1,512,0.983275333333
8,2048,8.72821
64,1536,1.71442333333
